                 avgDec      avgDecO    avgMatches
iid        -0.145423804  0.123236586 -0.0409411734
id         -0.036766118  0.018730641  0.0162725116
gender               NA           NA            NA
idg        -0.039749855  0.023558658  0.0183620593
condtn     -0.011394719 -0.143491807 -0.1180344585
wave       -0.140275806  0.115606560 -0.0444797534
round      -0.060141672 -0.099441137 -0.0956579338
position   -0.022259674 -0.041371161 -0.0377098566
positin1    0.049469084 -0.054940955  0.0085988445
order      -0.024950623 -0.039792754 -0.0388095654
partner    -0.025666869 -0.039349096 -0.0386007346
pid        -0.144038315  0.125805614 -0.0385799691
match       0.145658940  0.236925469  0.3783740734
int_corr   -0.060299623  0.019404795  0.0077083019
samerace   -0.033675951  0.074923515  0.0272659861
age_o      -0.010241845  0.020915322 -0.0253108543
race_o     -0.045807248  0.031054804  0.0021487120
pf_o_att   -0.044891788  0.033324723 -0.0102810199
pf_o_sin   -0.026495610 -0.010061028 -0.0267755908
pf_o_int   -0.007416390 -0.027299079 -0.0076035145
pf_o_fun    0.035406814  0.033762572  0.0554136771
pf_o_amb    0.072922821 -0.037604506  0.0118141973
pf_o_sha    0.009256257 -0.007158264 -0.0075012850
dec_o      -0.115596911  0.455259799  0.2850687954
attr_o     -0.132615269  0.461221453  0.2906425243
sinc_o      0.008122192  0.107162812  0.0785489537
intel_o     0.011593017  0.109788469  0.0848887763
fun_o      -0.082269524  0.363473470  0.2616483527
amb_o      -0.011100804  0.117888055  0.0907903924
shar_o     -0.066213639  0.284033090  0.1963657168
like_o     -0.074225806  0.351813545  0.2345323869
prob_o      0.006690127  0.132924335  0.1184304848
met_o      -0.023004215 -0.013057053 -0.0552868796
age        -0.008268963 -0.067789332 -0.0877244328
field_cd   -0.004758103  0.043276564 -0.0245310249
mn_sat               NA           NA            NA
tuition              NA           NA            NA
race        0.122944055 -0.217922944 -0.1020921132
imprace    -0.232735913 -0.047675903 -0.1542612471
imprelig   -0.103056462 -0.055919507 -0.0439118162
from                 NA           NA            NA
zipcode     0.077431638 -0.023935733  0.0300833143
goal       -0.022629148 -0.015995648 -0.0056547790
date       -0.127112190 -0.264957440 -0.2694082175
go_out      0.056618384 -0.312098052 -0.2384391413
career_c   -0.100783622  0.102538735 -0.0111266026
sports     -0.110659856  0.248091256  0.1072441037
tvsports    0.001848132  0.074541328  0.0371253715
exercise   -0.015931697  0.131763384  0.0962454657
dining     -0.015522227  0.155967498  0.1068128935
museums    -0.064853432 -0.007162138 -0.0388462141
art        -0.046803106  0.033487754  0.0216652799
hiking      0.082778583  0.002699067  0.0535008342
gaming      0.133482811 -0.096132589  0.0032130815
clubbing    0.060586921  0.150258939  0.1146126624
reading     0.120777512 -0.069415280  0.0571137785
tv         -0.013554187 -0.120408616 -0.0953969565
theater     0.030989771 -0.094613481 -0.0765607068
movies     -0.073476117 -0.089473637 -0.1035028953
concerts   -0.033977376  0.001589215  0.0088940645
music      -0.063039420  0.113356918  0.0649826023
shopping   -0.018897644  0.072388955 -0.0105693810
yoga        0.151147223 -0.006195920  0.0943756789
exphappy    0.036713244  0.036712840  0.0531905571
expnum      0.164034557  0.127458363  0.2010637536
attr1_1    -0.107101731  0.268620791  0.0968563181
sinc1_1     0.105527128 -0.282994150 -0.1666138243
intel1_1    0.030045441 -0.066953836  0.0232523942
fun1_1     -0.092256445  0.080210617  0.0722639936
amb1_1      0.062831384 -0.074586874 -0.0307739968
shar1_1     0.111942920 -0.205538634 -0.1115393677
attr4_1    -0.179055344  0.257445339  0.0934668610
sinc4_1     0.005745835 -0.135811152 -0.1542203462
intel4_1   -0.052688223  0.037580137 -0.0127411812
fun4_1     -0.056245693  0.039362537 -0.0027670582
amb4_1     -0.021897606 -0.036769689 -0.0570953215
shar4_1     0.026876898 -0.050472095 -0.0735890710
attr2_1    -0.071162993  0.206588214  0.0859380387
sinc2_1     0.114816716 -0.114685820 -0.0287049043
intel2_1    0.071640087 -0.051217593  0.0491976476
fun2_1     -0.028117938 -0.140105176 -0.1206224890
amb2_1     -0.064605328  0.020518084  0.0257972187
shar2_1     0.079810389 -0.121512112 -0.0828977913
attr3_1    -0.018745716  0.190059521  0.1281887773
sinc3_1     0.020250169 -0.038726427  0.0251257752
fun3_1     -0.010163936  0.244610971  0.2304475338
intel3_1    0.080541377  0.001813439  0.0543253841
amb3_1      0.059341164  0.111653548  0.1353718607
attr5_1    -0.107293690  0.143584275  0.0411007477
sinc5_1    -0.015356109 -0.030756279 -0.0072420630
intel5_1    0.028365330  0.063695424  0.0595150951
fun5_1     -0.122145934  0.194275764  0.1396882174
amb5_1      0.055145667  0.084648975  0.1148638647
dec         0.509767924 -0.129437296  0.1962403367
attr        0.255514644 -0.043269454  0.1159311400
sinc        0.081570732  0.066679414  0.1063841146
intel       0.107034657  0.049935242  0.1080928427
fun         0.137426731  0.041246186  0.1189280144
amb         0.109703688  0.054294460  0.1020265360
shar        0.193573175  0.035679255  0.1351313480
like        0.268408749  0.013442950  0.1547242951
prob        0.189330346  0.143916481  0.1976541260
met         0.114250775 -0.059095288  0.0602979549
match_es    0.362879479  0.028812220  0.2417296543
attr1_s    -0.019615536  0.127318462  0.1109956812
sinc1_s    -0.017157880 -0.050835660 -0.0612887047
intel1_s   -0.123626870 -0.022777763 -0.0097012220
fun1_s     -0.052982338  0.062691094  0.0731805074
amb1_s      0.063010234 -0.125500819 -0.0665401780
shar1_s     0.141749643 -0.230352878 -0.1027616928
attr3_s    -0.098922850  0.064825195 -0.0052873951
sinc3_s     0.073691874 -0.020090197  0.0445769562
intel3_s    0.022247508 -0.022338810 -0.0247452649
fun3_s     -0.116474470  0.125975495  0.0459855625
amb3_s      0.022236993  0.050629692  0.0956392177
satis_2     0.326481280 -0.064858756  0.1249214285
length     -0.027223789  0.119087578  0.0782705829
numdat_2   -0.017839779  0.034638318  0.0044153684
attr7_2    -0.173008047  0.143511172  0.0162421787
sinc7_2     0.057225160 -0.169090539 -0.1442951470
intel7_2    0.128925081 -0.038860890  0.0268324981
fun7_2      0.018664903  0.081869577  0.1251371414
amb7_2      0.120402687 -0.094526600 -0.0436706077
shar7_2     0.010222508 -0.053740786 -0.0639028499
attr1_2    -0.200429215  0.218577680 -0.0111488670
sinc1_2     0.117993480 -0.271286069 -0.1094438104
intel1_2    0.033405320 -0.019455610  0.0648995591
fun1_2      0.008738674  0.090907812  0.1445015619
amb1_2      0.133206164 -0.178964575 -0.0535109532
shar1_2     0.214086166 -0.183990857 -0.0280104406
attr4_2    -0.175414701  0.244833778  0.0830718597
sinc4_2    -0.123888339 -0.081644454 -0.1517531734
intel4_2   -0.077333742 -0.043316284 -0.1257042587
fun4_2     -0.035466813  0.092839263  0.1168607814
amb4_2     -0.007204474 -0.125274335 -0.1551701947
shar4_2     0.058335404 -0.060004155 -0.1123672728
attr2_2    -0.237074124  0.154704996 -0.0650763974
sinc2_2     0.088218872 -0.104027846 -0.0102607217
intel2_2    0.226570980 -0.058452691  0.1083639000
fun2_2      0.088110434 -0.084896803  0.0429302755
amb2_2      0.050988154  0.025754746  0.0716101867
shar2_2     0.083414964 -0.110242875 -0.0689876586
attr3_2    -0.036400607  0.135823798  0.0786378176
sinc3_2     0.043405444 -0.113694190 -0.0528854888
intel3_2    0.069200193 -0.008029874  0.0420797300
fun3_2     -0.051284571  0.224822363  0.2132201642
amb3_2      0.079764316  0.029323837  0.0853617732
attr5_2    -0.113590108  0.137468894  0.0623221709
sinc5_2     0.017012294 -0.084529782 -0.0031537531
intel5_2   -0.045446242  0.042944513  0.0394490866
fun5_2     -0.065159267  0.150734627  0.1201937466
amb5_2     -0.029439111  0.132416095  0.0886777812
you_call    0.050171514  0.117480152  0.1952701714
them_cal    0.073266396  0.117498587  0.2009001733
date_3     -0.038892037  0.158428637  0.1743599474
numdat_3    0.004107812  0.003368198  0.0973285540
num_in_3    0.134084932  0.059160668  0.1944553275
attr1_3    -0.110196062  0.248043611  0.1138442263
sinc1_3     0.039767226 -0.223370969 -0.1513930895
intel1_3   -0.016354570 -0.090322993 -0.0331128394
fun1_3      0.040468873  0.031270894  0.0964445047
amb1_3      0.125130640 -0.171682232 -0.0750603832
shar1_3     0.073987779 -0.137915828 -0.0926294726
attr7_3    -0.148911583  0.223765412  0.0773111165
sinc7_3     0.133435219 -0.209579132 -0.0928445409
intel7_3    0.017851780 -0.051757823 -0.0007067531
fun7_3     -0.022310184  0.030314234  0.0445426393
amb7_3      0.114089703 -0.204705897 -0.1517155618
shar7_3     0.050406049 -0.103706021 -0.0239184468
attr4_3    -0.162812201  0.267431028  0.1012561258
sinc4_3     0.068951712 -0.196079585 -0.1198015485
intel4_3   -0.035591315  0.019560023  0.0389252822
fun4_3     -0.116574765  0.055096633  0.0213329263
amb4_3      0.065098726 -0.171225230 -0.1006081345
shar4_3    -0.053350676 -0.002126783  0.0053390825
attr2_3    -0.138885884  0.219649074  0.0513893886
sinc2_3    -0.062953954  0.014635697 -0.0774879682
intel2_3   -0.067017503  0.111065733  0.1198790949
fun2_3     -0.048749416 -0.002383533  0.0262051751
amb2_3     -0.032211721 -0.009202895  0.0282833863
shar2_3    -0.041745472 -0.169293961 -0.1725435803
attr3_3     0.022888512  0.045453095  0.0634950887
sinc3_3     0.118887460 -0.110249574 -0.0136340320
intel3_3    0.149778546 -0.064974293  0.0717918490
fun3_3      0.020014960  0.073833337  0.0944399102
amb3_3      0.040596113  0.045830689  0.0849728444
attr5_3    -0.076565016  0.114576158  0.0443173675
sinc5_3     0.025477175 -0.057138607 -0.0400196478
intel5_3    0.018267802  0.017017123 -0.0052400344
fun5_3     -0.132640172  0.126371424  0.0451948359
amb5_3     -0.001171520  0.044829249  0.0257041206
avgMatches  0.384960150  0.626167291  1.0000000000
avgDecO    -0.253914164  1.000000000  0.6261672913
avgDec      1.000000000 -0.253914164  0.3849601505



           avgDec avgDecO avgMatches
gender         NA      NA         NA
mn_sat         NA      NA         NA
tuition        NA      NA         NA
race        FALSE    TRUE      FALSE
imprace      TRUE   FALSE      FALSE
from           NA      NA         NA
date        FALSE    TRUE       TRUE
go_out      FALSE    TRUE       TRUE
sinc1_1     FALSE    TRUE      FALSE
shar1_1     FALSE    TRUE      FALSE
shar1_s     FALSE    TRUE      FALSE
sinc1_2     FALSE    TRUE      FALSE
attr2_2      TRUE   FALSE      FALSE
sinc1_3     FALSE    TRUE      FALSE
sinc7_3     FALSE    TRUE      FALSE
avgDecO      TRUE   FALSE      FALSE
avgDec      FALSE    TRUE      FALSE




           avgDec avgDecO avgMatches
iid          -0.1     0.1        0.0
id            0.0     0.0        0.0
gender         NA      NA         NA
idg           0.0     0.0        0.0
condtn        0.0    -0.1       -0.1
wave         -0.1     0.1        0.0
round        -0.1    -0.1       -0.1
position      0.0     0.0        0.0
positin1      0.0    -0.1        0.0
order         0.0     0.0        0.0
partner       0.0     0.0        0.0
pid          -0.1     0.1        0.0
match         0.1     0.2        0.4
int_corr     -0.1     0.0        0.0
samerace      0.0     0.1        0.0
age_o         0.0     0.0        0.0
race_o        0.0     0.0        0.0
pf_o_att      0.0     0.0        0.0
pf_o_sin      0.0     0.0        0.0
pf_o_int      0.0     0.0        0.0
pf_o_fun      0.0     0.0        0.1
pf_o_amb      0.1     0.0        0.0
pf_o_sha      0.0     0.0        0.0
dec_o        -0.1     0.5        0.3
attr_o       -0.1     0.5        0.3
sinc_o        0.0     0.1        0.1
intel_o       0.0     0.1        0.1
fun_o        -0.1     0.4        0.3
amb_o         0.0     0.1        0.1
shar_o       -0.1     0.3        0.2
like_o       -0.1     0.4        0.2
prob_o        0.0     0.1        0.1
met_o         0.0     0.0       -0.1
age           0.0    -0.1       -0.1
field_cd      0.0     0.0        0.0
mn_sat         NA      NA         NA
tuition        NA      NA         NA
race          0.1    -0.2       -0.1
imprace      -0.2     0.0       -0.2
imprelig     -0.1    -0.1        0.0
from           NA      NA         NA
zipcode       0.1     0.0        0.0
goal          0.0     0.0        0.0
date         -0.1    -0.3       -0.3
go_out        0.1    -0.3       -0.2
career_c     -0.1     0.1        0.0
sports       -0.1     0.2        0.1
tvsports      0.0     0.1        0.0
exercise      0.0     0.1        0.1
dining        0.0     0.2        0.1
museums      -0.1     0.0        0.0
art           0.0     0.0        0.0
hiking        0.1     0.0        0.1
gaming        0.1    -0.1        0.0
clubbing      0.1     0.2        0.1
reading       0.1    -0.1        0.1
tv            0.0    -0.1       -0.1
theater       0.0    -0.1       -0.1
movies       -0.1    -0.1       -0.1
concerts      0.0     0.0        0.0
music        -0.1     0.1        0.1
shopping      0.0     0.1        0.0
yoga          0.2     0.0        0.1
exphappy      0.0     0.0        0.1
expnum        0.2     0.1        0.2
attr1_1      -0.1     0.3        0.1
sinc1_1       0.1    -0.3       -0.2
intel1_1      0.0    -0.1        0.0
fun1_1       -0.1     0.1        0.1
amb1_1        0.1    -0.1        0.0
shar1_1       0.1    -0.2       -0.1
attr4_1      -0.2     0.3        0.1
sinc4_1       0.0    -0.1       -0.2
intel4_1     -0.1     0.0        0.0
fun4_1       -0.1     0.0        0.0
amb4_1        0.0     0.0       -0.1
shar4_1       0.0    -0.1       -0.1
attr2_1      -0.1     0.2        0.1
sinc2_1       0.1    -0.1        0.0
intel2_1      0.1    -0.1        0.0
fun2_1        0.0    -0.1       -0.1
amb2_1       -0.1     0.0        0.0
shar2_1       0.1    -0.1       -0.1
attr3_1       0.0     0.2        0.1
sinc3_1       0.0     0.0        0.0
fun3_1        0.0     0.2        0.2
intel3_1      0.1     0.0        0.1
amb3_1        0.1     0.1        0.1
attr5_1      -0.1     0.1        0.0
sinc5_1       0.0     0.0        0.0
intel5_1      0.0     0.1        0.1
fun5_1       -0.1     0.2        0.1
amb5_1        0.1     0.1        0.1
dec           0.5    -0.1        0.2
attr          0.3     0.0        0.1
sinc          0.1     0.1        0.1
intel         0.1     0.0        0.1
fun           0.1     0.0        0.1
amb           0.1     0.1        0.1
shar          0.2     0.0        0.1
like          0.3     0.0        0.2
prob          0.2     0.1        0.2
met           0.1    -0.1        0.1
match_es      0.4     0.0        0.2
attr1_s       0.0     0.1        0.1
sinc1_s       0.0    -0.1       -0.1
intel1_s     -0.1     0.0        0.0
fun1_s       -0.1     0.1        0.1
amb1_s        0.1    -0.1       -0.1
shar1_s       0.1    -0.2       -0.1
attr3_s      -0.1     0.1        0.0
sinc3_s       0.1     0.0        0.0
intel3_s      0.0     0.0        0.0
fun3_s       -0.1     0.1        0.0
amb3_s        0.0     0.1        0.1
satis_2       0.3    -0.1        0.1
length        0.0     0.1        0.1
numdat_2      0.0     0.0        0.0
attr7_2      -0.2     0.1        0.0
sinc7_2       0.1    -0.2       -0.1
intel7_2      0.1     0.0        0.0
fun7_2        0.0     0.1        0.1
amb7_2        0.1    -0.1        0.0
shar7_2       0.0    -0.1       -0.1
attr1_2      -0.2     0.2        0.0
sinc1_2       0.1    -0.3       -0.1
intel1_2      0.0     0.0        0.1
fun1_2        0.0     0.1        0.1
amb1_2        0.1    -0.2       -0.1
shar1_2       0.2    -0.2        0.0
attr4_2      -0.2     0.2        0.1
sinc4_2      -0.1    -0.1       -0.2
intel4_2     -0.1     0.0       -0.1
fun4_2        0.0     0.1        0.1
amb4_2        0.0    -0.1       -0.2
shar4_2       0.1    -0.1       -0.1
attr2_2      -0.2     0.2       -0.1
sinc2_2       0.1    -0.1        0.0
intel2_2      0.2    -0.1        0.1
fun2_2        0.1    -0.1        0.0
amb2_2        0.1     0.0        0.1
shar2_2       0.1    -0.1       -0.1
attr3_2       0.0     0.1        0.1
sinc3_2       0.0    -0.1       -0.1
intel3_2      0.1     0.0        0.0
fun3_2       -0.1     0.2        0.2
amb3_2        0.1     0.0        0.1
attr5_2      -0.1     0.1        0.1
sinc5_2       0.0    -0.1        0.0
intel5_2      0.0     0.0        0.0
fun5_2       -0.1     0.2        0.1
amb5_2        0.0     0.1        0.1
you_call      0.1     0.1        0.2
them_cal      0.1     0.1        0.2
date_3        0.0     0.2        0.2
numdat_3      0.0     0.0        0.1
num_in_3      0.1     0.1        0.2
attr1_3      -0.1     0.2        0.1
sinc1_3       0.0    -0.2       -0.2
intel1_3      0.0    -0.1        0.0
fun1_3        0.0     0.0        0.1
amb1_3        0.1    -0.2       -0.1
shar1_3       0.1    -0.1       -0.1
attr7_3      -0.1     0.2        0.1
sinc7_3       0.1    -0.2       -0.1
intel7_3      0.0    -0.1        0.0
fun7_3        0.0     0.0        0.0
amb7_3        0.1    -0.2       -0.2
shar7_3       0.1    -0.1        0.0
attr4_3      -0.2     0.3        0.1
sinc4_3       0.1    -0.2       -0.1
intel4_3      0.0     0.0        0.0
fun4_3       -0.1     0.1        0.0
amb4_3        0.1    -0.2       -0.1
shar4_3      -0.1     0.0        0.0
attr2_3      -0.1     0.2        0.1
sinc2_3      -0.1     0.0       -0.1
intel2_3     -0.1     0.1        0.1
fun2_3        0.0     0.0        0.0
amb2_3        0.0     0.0        0.0
shar2_3       0.0    -0.2       -0.2
attr3_3       0.0     0.0        0.1
sinc3_3       0.1    -0.1        0.0
intel3_3      0.1    -0.1        0.1
fun3_3        0.0     0.1        0.1
amb3_3        0.0     0.0        0.1
attr5_3      -0.1     0.1        0.0
sinc5_3       0.0    -0.1        0.0
intel5_3      0.0     0.0        0.0
fun5_3       -0.1     0.1        0.0
amb5_3        0.0     0.0        0.0
avgMatches    0.4     0.6        1.0
avgDecO      -0.3     1.0        0.6
avgDec        1.0    -0.3        0.4
sinc_Rater_1,


  X wave gender iid pid id partner dec attr sinc intel fun amb shar like prob match dec_Rater_1 dec_Rater_2 dec_Rater_4 dec_Rater_5
1 1    1      0   1  11  1       1   1    6    9     7   7   6    5    7    6     0           0   0.0000000   0.0000000   0.0000000
2 2    1      0   1  12  1       2   1    7    8     7   8   5    6    7    5     0           0   0.0000000   0.0000000   0.0000000
3 3    1      0   1  13  1       3   1    5    8     9   8   5    7    7    5     1           0   0.0000000   0.0000000   0.0000000
4 4    1      0   1  14  1       4   1    7    6     8   7   6    8    7    6     1           0   0.1666667   0.1071429   0.1666667
5 5    1      0   1  15  1       5   1    5    6     7   7   6    6    6    6     1           0   0.0000000   0.0000000   0.0000000
6 6    1      0   1  16  1       6   0    4    9     7   4   6    4    6    5     0           0   0.0000000   0.0000000   0.1666667
  dec_Rater_6 dec_Rater_7 dec_Rater_10 attr_Rater_1 attr_Rater_2 attr_Rater_3 attr_Rater_4 attr_Rater_5 attr_Rater_6 attr_Rater_7
1       0.375   0.0000000    0.0000000            0    0.7732784     2.021071     1.625980    1.1655043     3.394478    0.9840716
2       0.375   0.0000000    0.0000000            0    1.2372455     2.598520     3.251960    1.8648068     3.394478    1.4761074
3       0.000   0.0000000    0.1666667            0    0.7732784     2.021071     1.625980    0.9324034     2.262985    0.7380537
4       0.375   0.1666667    0.0000000            0    1.0825898     2.598520     3.251960    1.8648068     4.525970    1.7221253
5       0.000   0.0000000    0.0000000            0    0.9279341     2.598520     2.438970    1.3986051     2.828731    0.9840716
6       0.000   0.0000000    0.0000000            0    1.2372455     2.309795     2.032475    1.1655043     1.697239    0.9840716
  attr_Rater_8 attr_Rater_9 attr_Rater_10 sinc_Rater_1 sinc_Rater_2 sinc_Rater_3 sinc_Rater_4 sinc_Rater_5 sinc_Rater_6 sinc_Rater_7
1     2.084318     2.239533    0.07367317            0   0.02417127    0.7073605   0.02098591    0.4972376     1.708558    0.6975739
2     3.334909     2.799416    0.01227886            0   0.01726519    0.5501693   0.01469014    0.3729282     1.708558    0.5231804
3     2.084318     1.399708    0.07367317            0   0.02762431    0.7073605   0.01469014    0.3729282     1.328878    0.5231804
4     3.334909     2.799416    0.12278862            0   0.03107735    0.5501693   0.02098591    0.3107735     1.139039    0.6975739
5     2.501182     1.399708    0.06139431            0   0.02762431    0.7859562   0.01888732    0.4350829     0.759359    0.6103771
6     2.501182     2.239533    0.06139431            0   0.02417127    0.7859562   0.02098591    0.3729282     1.328878    0.6975739
  sinc_Rater_8 sinc_Rater_9 sinc_Rater_10 intel_Rater_1 intel_Rater_2 intel_Rater_3 intel_Rater_4 intel_Rater_5 intel_Rater_6
1    0.3349811    0.8703922    0.31833728             0     0.5844971     0.9836066     0.9886507             0             0
2    0.2931085    0.8703922    0.03183373             0     0.4383728     0.8852459     0.9886507             0             0
3    0.3349811    0.8703922    0.31833728             0     0.6575592     0.8852459     0.9886507             0             0
4    0.2512358    0.7833530    0.31833728             0     0.5114349     0.8852459     0.8650694             0             0
5    0.3349811    0.8703922    0.22283610             0     0.5114349     0.9836066     0.9886507             0             0
6    0.3349811    0.7833530    0.31833728             0     0.5844971     0.9836066     0.9886507             0             0
  intel_Rater_7 intel_Rater_8 intel_Rater_9 intel_Rater_10 fun_Rater_1 fun_Rater_2 fun_Rater_3 fun_Rater_4 fun_Rater_5 fun_Rater_6
1      2.254489     0.9687381    0.08881820      1.7290894           0    1.405015   0.7894493    2.480620   0.4029605   1.0848214
2      2.254489     0.9687381    0.09868689      0.1729089           0    2.107523   0.9022277    4.961240   1.0074013   1.0848214
3      2.254489     1.1071292    0.09868689      1.7290894           0    2.107523   0.7894493    3.968992   1.6118421   0.7232143
4      2.254489     0.6919558    0.07894951      1.7290894           0    2.107523   0.7894493    4.961240   1.4103618   1.4464286
5      1.972678     1.1071292    0.07894951      1.2103626           0    3.161284   1.1277847    4.465116   1.0074013   1.4464286
6      1.972678     1.1071292    0.08881820      1.0374536           0    1.053761   0.7894493    1.984496   1.0074013   0.1808036
  fun_Rater_7 fun_Rater_8 fun_Rater_9 fun_Rater_10 amb_Rater_1 amb_Rater_2 amb_Rater_3 amb_Rater_4 amb_Rater_5 amb_Rater_6
1   0.5222801    1.687500      0.5000    0.9216028           0  0.08211832  0.02327085 0.011234202  0.03797938   1.1752063
2   0.4178241    3.796875      0.6250    0.1536005           0  0.12317748  0.02617970 0.009829927  0.09494845   1.3430929
3   0.7311921    2.531250      0.3750    1.5360046           0  0.04105916  0.02617970 0.008425651  0.11393814   0.5036598
4   0.7311921    2.531250      0.5000    1.5360046           0  0.06843193  0.02617970 0.009829927  0.13292782   0.3357732
5   0.4178241    2.109375      0.5000    1.0752033           0  0.09580470  0.02908856 0.011234202  0.07595876   0.6715464
6   0.4178241    2.109375      0.4375    0.6144019           0  0.08211832  0.02617970 0.011234202  0.13292782   0.1678866
  amb_Rater_7 amb_Rater_8 amb_Rater_9 amb_Rater_10 shar_Rater_1 shar_Rater_2 shar_Rater_3 shar_Rater_4 shar_Rater_5 shar_Rater_6
1  0.01634798    5.057664   0.7349490    1.4474067            0    1.1576262     1.279070    2.8936357    0.1701223    2.8152493
2  0.02101883    4.335141   1.0499271    0.2412344            0    2.3152523     0.994832    3.3070122    0.4253057    0.9384164
3  0.01868340    5.057664   0.6299563    1.4474067            0    1.5435015     0.994832    2.8936357    0.4253057    0.9384164
4  0.01634798    4.335141   0.7349490    2.4123444            0    2.7011277     0.994832    4.1337653    0.7655502    3.7536657
5  0.01868340    4.335141   0.5249636    1.6886411            0    3.0870031     1.421189    3.7203887    0.6804891    0.9384164
6  0.01167713    4.335141   0.6299563    1.4474067            0    0.7717508     1.279070    0.8267531    0.6804891    0.4692082
  shar_Rater_7 shar_Rater_8 shar_Rater_9 shar_Rater_10 like_Rater_1 like_Rater_2 like_Rater_3 like_Rater_4 like_Rater_5 like_Rater_6
1     1.943067    0.5570410    0.2597403      1.948052            0    0.7741935            0   0.06976744            0    0.9623762
2     1.943067    0.7798574    0.4329004      1.948052            0    0.9032258            0   0.09302326            0    1.1227723
3     3.886134    0.7798574    0.2597403      1.948052            0    0.7741935            0   0.04651163            0    0.9623762
4     2.914601    0.5570410    0.3030303      1.948052            0    0.9032258            0   0.09302326            0    1.4435644
5     2.428834    0.7798574    0.2164502      1.948052            0    1.0322581            0   0.08139535            0    0.6415842
6     1.943067    0.7798574    0.2164502      1.948052            0    0.7741935            0   0.04651163            0    0.3207921
  like_Rater_7 like_Rater_8 like_Rater_9 like_Rater_10 prob_Rater_1 prob_Rater_2 prob_Rater_3 prob_Rater_4 prob_Rater_5 prob_Rater_6
1          1.4        0.100         0.40             0            0   0.11073137    0.2812500    4.0849421  0.017636684    0.3977231
2          1.4        0.200         0.80             0            0   0.08304853    0.2812500    0.5835632  0.014109347    0.3977231
3          1.4        0.125         0.64             0            0   0.19377990    0.2812500    0.5835632  0.017636684    0.1325744
4          1.6        0.125         0.56             0            0   0.22146275    0.2812500    5.8356315  0.007054674    0.2651487
5          1.0        0.150         0.40             0            0   0.16609706    0.2008929    4.0849421  0.014109347    0.1988615
6          1.0        0.150         0.48             0            0   0.13841422    0.2008929    1.7506895  0.010582011    0.1325744
  prob_Rater_7 prob_Rater_8 prob_Rater_9 prob_Rater_10
1   0.06965174    0.3090659     1.428571     0.7620968
2   0.05223881    0.4326923     1.428571     0.2540323
3   0.13930348    0.3090659     1.428571     1.5241935
4   0.10447761    0.3708791     1.428571     0.2540323
5   0.10447761    0.3090659     1.428571     0.2540323
6   0.08706468    0.3090659     1.428571     0.2540323


c("like_Rater_3", "like_Rater_5", "like_Rater_10")


wave = ddply(wave, .(id) ,transform ,decMean = mean(dec))
wave = ddply(wave, .(id) ,transform ,attrMean = mean(attr))
wave = ddply(wave, .(id) ,transform ,sincMean = mean(sinc))
wave = ddply(wave, .(id) ,transform ,intelMean = mean(intel))
wave = ddply(wave, .(id) ,transform ,funMean = mean(fun))
wave = ddply(wave, .(id) ,transform ,ambMean = mean(amb))
wave = ddply(wave, .(id) ,transform ,sharMean = mean(shar))
wave = ddply(wave, .(id) ,transform ,likeMean = mean(like))
wave = ddply(wave, .(id) ,transform ,probMean = mean(prob))

wave = ddply(wave, .(partner) ,transform ,decPartnerMean = mean(dec))
wave = ddply(wave, .(partner) ,transform ,attrPartnerMean = mean(attr))
wave = ddply(wave, .(partner) ,transform ,sincPartnerMean = mean(sinc))
wave = ddply(wave, .(partner) ,transform ,intelPartnerMean = mean(intel))
wave = ddply(wave, .(partner) ,transform ,funPartnerMean = mean(fun))
wave = ddply(wave, .(partner) ,transform ,ambPartnerMean = mean(amb))
wave = ddply(wave, .(partner) ,transform ,sharPartnerMean = mean(shar))
wave = ddply(wave, .(partner) ,transform ,likePartnerMean = mean(like))
wave = ddply(wave, .(partner) ,transform ,probPartnerMean = mean(prob))